```python
import pandas as pd
import plotly.express as px
import plotly.graph_objects as go
pd.set_option('display.max_columns', None)

data = pd.read_excel('nba_player_data.xlsx')
```


```python
data.sample(10)
```




<div>
<style scoped>
    .dataframe tbody tr th:only-of-type {
        vertical-align: middle;
    }

    .dataframe tbody tr th {
        vertical-align: top;
    }

    .dataframe thead th {
        text-align: right;
    }
</style>
<table border="1" class="dataframe">
  <thead>
    <tr style="text-align: right;">
      <th></th>
      <th>Year</th>
      <th>Season_type</th>
      <th>PLAYER_ID</th>
      <th>RANK</th>
      <th>PLAYER</th>
      <th>TEAM_ID</th>
      <th>TEAM</th>
      <th>GP</th>
      <th>MIN</th>
      <th>FGM</th>
      <th>FGA</th>
      <th>FG_PCT</th>
      <th>FG3M</th>
      <th>FG3A</th>
      <th>FG3_PCT</th>
      <th>FTM</th>
      <th>FTA</th>
      <th>FT_PCT</th>
      <th>OREB</th>
      <th>DREB</th>
      <th>REB</th>
      <th>AST</th>
      <th>STL</th>
      <th>BLK</th>
      <th>TOV</th>
      <th>PF</th>
      <th>PTS</th>
      <th>EFF</th>
      <th>AST_TOV</th>
      <th>STL_TOV</th>
    </tr>
  </thead>
  <tbody>
    <tr>
      <th>6709</th>
      <td>2023-24</td>
      <td>Regular%20Season</td>
      <td>1627759</td>
      <td>22</td>
      <td>Jaylen Brown</td>
      <td>1610612738</td>
      <td>BOS</td>
      <td>70</td>
      <td>2343</td>
      <td>627</td>
      <td>1256</td>
      <td>0.499</td>
      <td>145</td>
      <td>410</td>
      <td>0.354</td>
      <td>211</td>
      <td>300</td>
      <td>0.703</td>
      <td>84</td>
      <td>303</td>
      <td>387</td>
      <td>249</td>
      <td>83</td>
      <td>37</td>
      <td>166</td>
      <td>185</td>
      <td>1610</td>
      <td>1482</td>
      <td>1.50</td>
      <td>0.50</td>
    </tr>
    <tr>
      <th>5831</th>
      <td>2021-22</td>
      <td>Playoffs</td>
      <td>1629651</td>
      <td>116</td>
      <td>Nic Claxton</td>
      <td>1610612751</td>
      <td>BKN</td>
      <td>4</td>
      <td>98</td>
      <td>19</td>
      <td>24</td>
      <td>0.792</td>
      <td>0</td>
      <td>0</td>
      <td>0.000</td>
      <td>4</td>
      <td>22</td>
      <td>0.182</td>
      <td>7</td>
      <td>18</td>
      <td>25</td>
      <td>6</td>
      <td>5</td>
      <td>9</td>
      <td>2</td>
      <td>6</td>
      <td>42</td>
      <td>62</td>
      <td>3.00</td>
      <td>2.50</td>
    </tr>
    <tr>
      <th>823</th>
      <td>2015-16</td>
      <td>Regular%20Season</td>
      <td>202685</td>
      <td>124</td>
      <td>Jonas Valančiūnas</td>
      <td>1610612761</td>
      <td>TOR</td>
      <td>60</td>
      <td>1557</td>
      <td>303</td>
      <td>536</td>
      <td>0.565</td>
      <td>0</td>
      <td>0</td>
      <td>0.000</td>
      <td>162</td>
      <td>213</td>
      <td>0.761</td>
      <td>184</td>
      <td>363</td>
      <td>547</td>
      <td>42</td>
      <td>25</td>
      <td>80</td>
      <td>85</td>
      <td>158</td>
      <td>768</td>
      <td>1093</td>
      <td>0.49</td>
      <td>0.29</td>
    </tr>
    <tr>
      <th>4288</th>
      <td>2019-20</td>
      <td>Playoffs</td>
      <td>203118</td>
      <td>174</td>
      <td>Mike Scott</td>
      <td>1610612755</td>
      <td>PHI</td>
      <td>4</td>
      <td>20</td>
      <td>1</td>
      <td>5</td>
      <td>0.200</td>
      <td>0</td>
      <td>2</td>
      <td>0.000</td>
      <td>4</td>
      <td>4</td>
      <td>1.000</td>
      <td>2</td>
      <td>6</td>
      <td>8</td>
      <td>1</td>
      <td>0</td>
      <td>0</td>
      <td>0</td>
      <td>2</td>
      <td>6</td>
      <td>11</td>
      <td>0.00</td>
      <td>0.00</td>
    </tr>
    <tr>
      <th>5156</th>
      <td>2021-22</td>
      <td>Regular%20Season</td>
      <td>202699</td>
      <td>48</td>
      <td>Tobias Harris</td>
      <td>1610612755</td>
      <td>PHI</td>
      <td>73</td>
      <td>2543</td>
      <td>493</td>
      <td>1022</td>
      <td>0.482</td>
      <td>101</td>
      <td>275</td>
      <td>0.367</td>
      <td>170</td>
      <td>202</td>
      <td>0.842</td>
      <td>77</td>
      <td>419</td>
      <td>496</td>
      <td>252</td>
      <td>47</td>
      <td>43</td>
      <td>116</td>
      <td>164</td>
      <td>1257</td>
      <td>1418</td>
      <td>2.17</td>
      <td>0.41</td>
    </tr>
    <tr>
      <th>4071</th>
      <td>2019-20</td>
      <td>Regular%20Season</td>
      <td>1629648</td>
      <td>486</td>
      <td>Jordan Bone</td>
      <td>1610612765</td>
      <td>DET</td>
      <td>10</td>
      <td>53</td>
      <td>5</td>
      <td>20</td>
      <td>0.250</td>
      <td>2</td>
      <td>10</td>
      <td>0.200</td>
      <td>0</td>
      <td>0</td>
      <td>0.000</td>
      <td>0</td>
      <td>4</td>
      <td>4</td>
      <td>8</td>
      <td>1</td>
      <td>0</td>
      <td>2</td>
      <td>6</td>
      <td>12</td>
      <td>8</td>
      <td>4.00</td>
      <td>0.50</td>
    </tr>
    <tr>
      <th>4213</th>
      <td>2019-20</td>
      <td>Playoffs</td>
      <td>203085</td>
      <td>101</td>
      <td>Austin Rivers</td>
      <td>1610612745</td>
      <td>HOU</td>
      <td>12</td>
      <td>211</td>
      <td>19</td>
      <td>61</td>
      <td>0.311</td>
      <td>9</td>
      <td>35</td>
      <td>0.257</td>
      <td>10</td>
      <td>13</td>
      <td>0.769</td>
      <td>2</td>
      <td>28</td>
      <td>30</td>
      <td>16</td>
      <td>7</td>
      <td>1</td>
      <td>8</td>
      <td>22</td>
      <td>57</td>
      <td>58</td>
      <td>2.00</td>
      <td>0.88</td>
    </tr>
    <tr>
      <th>2133</th>
      <td>2017-18</td>
      <td>Regular%20Season</td>
      <td>201569</td>
      <td>42</td>
      <td>Eric Gordon</td>
      <td>1610612745</td>
      <td>HOU</td>
      <td>69</td>
      <td>2154</td>
      <td>415</td>
      <td>970</td>
      <td>0.428</td>
      <td>218</td>
      <td>608</td>
      <td>0.359</td>
      <td>195</td>
      <td>241</td>
      <td>0.809</td>
      <td>25</td>
      <td>145</td>
      <td>170</td>
      <td>154</td>
      <td>44</td>
      <td>27</td>
      <td>130</td>
      <td>116</td>
      <td>1243</td>
      <td>907</td>
      <td>1.19</td>
      <td>0.34</td>
    </tr>
    <tr>
      <th>4310</th>
      <td>2019-20</td>
      <td>Playoffs</td>
      <td>201960</td>
      <td>196</td>
      <td>DeMarre Carroll</td>
      <td>1610612745</td>
      <td>HOU</td>
      <td>2</td>
      <td>6</td>
      <td>1</td>
      <td>2</td>
      <td>0.500</td>
      <td>0</td>
      <td>0</td>
      <td>0.000</td>
      <td>0</td>
      <td>0</td>
      <td>0.000</td>
      <td>0</td>
      <td>3</td>
      <td>3</td>
      <td>1</td>
      <td>0</td>
      <td>0</td>
      <td>0</td>
      <td>1</td>
      <td>2</td>
      <td>5</td>
      <td>0.00</td>
      <td>0.00</td>
    </tr>
    <tr>
      <th>5366</th>
      <td>2021-22</td>
      <td>Regular%20Season</td>
      <td>202397</td>
      <td>258</td>
      <td>Ish Smith</td>
      <td>1610612764</td>
      <td>WAS</td>
      <td>65</td>
      <td>1126</td>
      <td>185</td>
      <td>430</td>
      <td>0.430</td>
      <td>25</td>
      <td>67</td>
      <td>0.373</td>
      <td>15</td>
      <td>24</td>
      <td>0.625</td>
      <td>25</td>
      <td>115</td>
      <td>140</td>
      <td>244</td>
      <td>47</td>
      <td>23</td>
      <td>78</td>
      <td>78</td>
      <td>410</td>
      <td>532</td>
      <td>3.13</td>
      <td>0.60</td>
    </tr>
  </tbody>
</table>
</div>




```python
data.shape
```




    (7473, 30)



## Data Cleaning & Analysis Preparation


```python
data.drop(columns=['RANK','EFF'], inplace=True)
```


```python
data['season_start_year'] = data['Year'].str[:4].astype(int)
```


```python
data['Season_type'].replace('Regular%20Season', 'RS', inplace=True)
```


```python
rs_df = data[data['Season_type']=='RS']
playoffs_df = data[data['Season_type']=='Playoffs']
```


```python
data.columns
```




    Index(['Year', 'Season_type', 'PLAYER_ID', 'PLAYER', 'TEAM_ID', 'TEAM', 'GP',
           'MIN', 'FGM', 'FGA', 'FG_PCT', 'FG3M', 'FG3A', 'FG3_PCT', 'FTM', 'FTA',
           'FT_PCT', 'OREB', 'DREB', 'REB', 'AST', 'STL', 'BLK', 'TOV', 'PF',
           'PTS', 'AST_TOV', 'STL_TOV', 'season_start_year'],
          dtype='object')




```python
total_cols = ['MIN', 'FGM', 'FGA', 'FG3M', 'FG3A', 'FTM', 'FTA',
              'OREB', 'DREB', 'REB', 'AST', 'STL', 'BLK', 'TOV', 'PF', 'PTS']
```

## Which player stats are correlated with each other?


```python
data_per_min = data.groupby(['PLAYER', 'PLAYER_ID', 'Year'])[total_cols].sum().reset_index()
for col in data_per_min.columns[4:]:
    data_per_min[col] = data_per_min[col]/data_per_min['MIN']

data_per_min['FG%'] = data_per_min['FGM']/data_per_min['FGA']
data_per_min['3PT%'] = data_per_min['FG3M']/data_per_min['FG3A']
data_per_min['FT%'] = data_per_min['FTM']/data_per_min['FTA']
data_per_min['FG3A%'] = data_per_min['FG3A']/data_per_min['FGA']
data_per_min['PTS/FGA'] = data_per_min['PTS']/data_per_min['FGA']
data_per_min['FG3m/FGM'] = data_per_min['FG3M']/data_per_min['FGM']
data_per_min['FTA/FGA'] = data_per_min['FTA']/data_per_min['FGA']
data_per_min['TRU%'] = 0.5*data_per_min['PTS']/(data_per_min['FGA']+0.475*data_per_min['FTA'])
data_per_min['AST_TOV'] = data_per_min['AST']/data_per_min['TOV']

data_per_min = data_per_min[data_per_min['MIN']>=50]
data_per_min.drop(columns='PLAYER_ID', inplace=True)

fig = px.imshow(data_per_min.corr())

fig.show()
```

    /var/folders/9v/vsbp1y656lgffz9zwbrwqwdr0000gn/T/ipykernel_23243/4261534714.py:18: FutureWarning:
    
    The default value of numeric_only in DataFrame.corr is deprecated. In a future version, it will default to False. Select only valid columns or specify the value of numeric_only to silence this warning.
    



<div>                            <div id="84354bd0-cc5a-459a-810a-545b2a1cb3eb" class="plotly-graph-div" style="height:525px; width:100%;"></div>            <script type="text/javascript">                require(["plotly"], function(Plotly) {                    window.PLOTLYENV=window.PLOTLYENV || {};                                    if (document.getElementById("84354bd0-cc5a-459a-810a-545b2a1cb3eb")) {                    Plotly.newPlot(                        "84354bd0-cc5a-459a-810a-545b2a1cb3eb",                        [{"coloraxis":"coloraxis","name":"0","x":["MIN","FGM","FGA","FG3M","FG3A","FTM","FTA","OREB","DREB","REB","AST","STL","BLK","TOV","PF","PTS","FG%","3PT%","FT%","FG3A%","PTS/FGA","FG3m/FGM","FTA/FGA","TRU%","AST_TOV"],"y":["MIN","FGM","FGA","FG3M","FG3A","FTM","FTA","OREB","DREB","REB","AST","STL","BLK","TOV","PF","PTS","FG%","3PT%","FT%","FG3A%","PTS/FGA","FG3m/FGM","FTA/FGA","TRU%","AST_TOV"],"z":[[1.0,0.4402505390529691,0.36104253232461303,0.20578690246846928,0.12116430182881398,0.3403048883892323,0.2736089575994325,-0.1236413623919274,0.050734318531070785,-0.019059042446738953,0.24695319299014662,0.025734543233248208,-0.05110182171638817,0.15554923879941965,-0.367215600432632,0.46753288894224787,0.20021014131760018,0.1947881473154082,0.25223878678606815,-0.019449480968585845,0.26888201131991846,0.0062253669659195175,0.0325737741155216,0.32996379612614596,0.05001656089997583],[0.4402505390529691,1.0,0.8690831689995845,0.18740714838784758,0.13184123722944305,0.6299847236689353,0.5958335920926845,0.08456719342394654,0.24078969620450055,0.19587175193987508,0.24842453837302278,-0.03564685778100755,0.07750626240469786,0.43137740247177075,-0.18048384263846817,0.9583889940764294,0.4019181039431473,0.1212889866806231,0.19027737693218155,-0.2624113610390845,0.36085429054199203,-0.25075111112188436,0.08824627716243681,0.4123053595405344,-0.11132060504409108],[0.36104253232461303,0.8690831689995845,1.0,0.4265474998914386,0.44760178575528703,0.5684736918435629,0.49120979893681865,-0.21508840788989292,-0.007827436711285458,-0.0969249398731001,0.34722193102253895,0.012390765313423048,-0.16363972912798028,0.44932529368226576,-0.3113960401551404,0.8968533440838464,-0.07897686260702097,0.16668929159252593,0.28847544288897076,0.027791990742769446,-0.02878204168534655,0.02008042238981045,-0.08799386481389006,0.01771714466316834,-0.00900488327841807],[0.20578690246846928,0.18740714838784758,0.4265474998914386,1.0,0.954575606041748,-0.016826629142451515,-0.15193618937157263,-0.6124680018429509,-0.3974936180548392,-0.5250091694555257,0.1377475021923085,-0.02166966855063447,-0.43055956023879466,-0.0591198252022015,-0.4035113197899456,0.35102149849745995,-0.3844861188371926,0.5728540573599674,0.39467184158959123,0.8271197876268116,-0.10011462615813235,0.8493080239219505,-0.39547590503776303,0.10004471811196368,0.18551122448399301],[0.12116430182881398,0.13184123722944305,0.44760178575528703,0.954575606041748,1.0,-0.03400364719883416,-0.16691043853460488,-0.6463075024648308,-0.43068637148920214,-0.561470076588402,0.1518369820183335,-0.0007728690204781906,-0.4563484812501274,-0.03927396754009623,-0.3976046135031781,0.2953707930532961,-0.5246737659794735,0.44014024734529233,0.37284338250728577,0.8702271342682006,-0.2563894819531623,0.8354742131561852,-0.42438302462018757,-0.08649172575821548,0.19523567160585736],[0.3403048883892323,0.6299847236689353,0.5684736918435629,-0.016826629142451515,-0.03400364719883416,1.0,0.9561927737649579,0.09905111385580784,0.21525339737648166,0.1851010206982312,0.25890057670887195,0.01316189110433888,0.08083396823996847,0.47106589532240656,-0.07021718581215414,0.7524915543241898,0.20761977766223705,0.01124226746912337,0.2706634293415512,-0.30706194837495326,0.4853640347849189,-0.2993835432447191,0.613532697772407,0.2795664014691615,-0.12032598587316816],[0.2736089575994325,0.5958335920926845,0.49120979893681865,-0.15193618937157263,-0.16691043853460488,0.9561927737649579,1.0,0.2400724428991371,0.3119344779179062,0.3094079723935119,0.1913155964666387,0.011878720433284013,0.1853048588224416,0.47410024618055946,0.02731982657499497,0.6849890191274325,0.2842397873139607,-0.08010552473636535,0.03041560930609336,-0.4237773821675864,0.5059709764225054,-0.41111572885061,0.7179865246381892,0.24988593372716456,-0.18659759559670358],[-0.1236413623919274,0.08456719342394654,-0.21508840788989292,-0.6124680018429509,-0.6463075024648308,0.09905111385580784,0.2400724428991371,1.0,0.6671378895196243,0.869238212887394,-0.35470889218388085,-0.10594036480243643,0.5972839741891869,-0.0024568020284884227,0.48604523395676275,-0.04300575748012456,0.5696030093149581,-0.40041276163018064,-0.36630568446723427,-0.6487099282402246,0.36387766506626984,-0.6155576111282987,0.3920733840621034,0.2383807659686911,-0.37052726299824423],[0.050734318531070785,0.24078969620450055,-0.007827436711285458,-0.3974936180548392,-0.43068637148920214,0.21525339737648166,0.3119344779179062,0.6671378895196243,1.0,0.9481923951100716,-0.20228737055287654,-0.12083812062889078,0.5343231200893259,0.14237336168120168,0.32895379697147537,0.15263492904473983,0.48434926653668364,-0.23788676097555556,-0.23526636051015193,-0.48520710739984,0.3580129078145556,-0.4634839079703846,0.32665423963875445,0.2675914978621182,-0.3225360933783381],[-0.019059042446738953,0.19587175193987508,-0.0969249398731001,-0.5250091694555257,-0.561470076588402,0.1851010206982312,0.3094079723935119,0.869238212887394,0.9481923951100716,1.0,-0.2855277478067434,-0.12537815705991348,0.6093437274869729,0.09344173159901731,0.42560477809677694,0.08295890516418637,0.5643721089871768,-0.32705200424939257,-0.3121888787925397,-0.5986786489705554,0.3927890015327668,-0.5701228540403966,0.38400187001391406,0.27925722941624903,-0.3716274535656417],[0.24695319299014662,0.24842453837302278,0.34722193102253895,0.1377475021923085,0.1518369820183335,0.25890057670887195,0.1913155964666387,-0.35470889218388085,-0.20228737055287654,-0.2855277478067434,1.0,0.28947531202964866,-0.30348622684541116,0.5777058144550516,-0.29103769620724973,0.2883200397738813,-0.14202128626140437,0.0927824261735893,0.19068012230852546,0.01657675301081573,-0.0884236629132824,0.002585159307365243,-0.04130487245243374,-0.08790103040068639,0.5680524918305576],[0.025734543233248208,-0.03564685778100755,0.012390765313423048,-0.02166966855063447,-0.0007728690204781906,0.01316189110433888,0.011878720433284013,-0.10594036480243643,-0.12083812062889078,-0.12537815705991348,0.28947531202964866,1.0,-0.051938431178149586,0.16489314314235262,-0.004750658285003467,-0.026918229580404917,-0.10291431723379353,-0.017095126839821565,-0.02625794767196677,0.0040658350340903125,-0.10644002878197648,-0.008382218148810799,-0.02722807074420759,-0.1163728104512948,0.18521021768060236],[-0.05110182171638817,0.07750626240469786,-0.16363972912798028,-0.43055956023879466,-0.4563484812501274,0.08083396823996847,0.1853048588224416,0.5972839741891869,0.5343231200893259,0.6093437274869729,-0.30348622684541116,-0.051938431178149586,1.0,-0.0009979826724198517,0.42033795563850657,-0.013719909352489535,0.47004674303229366,-0.2687643546177841,-0.28443297509489857,-0.4610520878794033,0.3185118515318371,-0.4415554101226723,0.29364963232515484,0.2368581416272489,-0.31210586549367325],[0.15554923879941965,0.43137740247177075,0.44932529368226576,-0.0591198252022015,-0.03927396754009623,0.47106589532240656,0.47410024618055946,-0.0024568020284884227,0.14237336168120168,0.09344173159901731,0.5777058144550516,0.16489314314235262,-0.0009979826724198517,1.0,0.059717700633538706,0.44168606302901825,0.050108368134722275,-0.06421831658294501,0.034020954748553024,-0.26501196106684954,0.06416563983393178,-0.27255175527926484,0.2040123866976237,-0.029508540386006414,-0.18317390587610957],[-0.367215600432632,-0.18048384263846817,-0.3113960401551404,-0.4035113197899456,-0.3976046135031781,-0.07021718581215414,0.02731982657499497,0.48604523395676275,0.32895379697147537,0.42560477809677694,-0.29103769620724973,-0.004750658285003467,0.42033795563850657,0.059717700633538706,1.0,-0.24107226545637245,0.21649936736687006,-0.2735211992590691,-0.28262446842366756,-0.3260271668196049,0.12169162523657126,-0.3220166699152696,0.2460750697067026,0.013769684973906725,-0.329389060810316],[0.46753288894224787,0.9583889940764294,0.8968533440838464,0.35102149849745995,0.2953707930532961,0.7524915543241898,0.6849890191274325,-0.04300575748012456,0.15263492904473983,0.08295890516418637,0.2883200397738813,-0.026918229580404917,-0.013719909352489535,0.44168606302901825,-0.24107226545637245,1.0,0.271036614911168,0.21339118793227554,0.306079326200188,-0.1015028352155717,0.38537211459260584,-0.08584937965682106,0.15925971932923363,0.4059942604181356,-0.0762909671870847],[0.20021014131760018,0.4019181039431473,-0.07897686260702097,-0.3844861188371926,-0.5246737659794735,0.20761977766223705,0.2842397873139607,0.5696030093149581,0.48434926653668364,0.5643721089871768,-0.14202128626140437,-0.10291431723379353,0.47004674303229366,0.050108368134722275,0.21649936736687006,0.271036614911168,1.0,-0.07363094532301155,-0.16624465114532117,-0.5965090111671663,0.8108393815163996,-0.5562520830666386,0.3505206685297338,0.8275702572830049,-0.22682781884456746],[0.1947881473154082,0.1212889866806231,0.16668929159252593,0.5728540573599674,0.44014024734529233,0.01124226746912337,-0.08010552473636535,-0.40041276163018064,-0.23788676097555556,-0.32705200424939257,0.0927824261735893,-0.017095126839821565,-0.2687643546177841,-0.06421831658294501,-0.2735211992590691,0.21339118793227554,-0.07363094532301155,1.0,0.2862042616344374,0.4326980282040006,0.13685865675884226,0.5076831532828363,-0.2384034823371001,0.27955163207638445,0.1290112616018853],[0.25223878678606815,0.19027737693218155,0.28847544288897076,0.39467184158959123,0.37284338250728577,0.2706634293415512,0.03041560930609336,-0.36630568446723427,-0.23526636051015193,-0.3121888787925397,0.19068012230852546,-0.02625794767196677,-0.28443297509489857,0.034020954748553024,-0.28262446842366756,0.306079326200188,-0.16624465114532117,0.2862042616344374,1.0,0.2981825372047813,0.07606647084037962,0.30190716479857693,-0.15510476867185505,0.18778632813020676,0.1633445976334559],[-0.019449480968585845,-0.2624113610390845,0.027791990742769446,0.8271197876268116,0.8702271342682006,-0.30706194837495326,-0.4237773821675864,-0.6487099282402246,-0.48520710739984,-0.5986786489705554,0.01657675301081573,0.0040658350340903125,-0.4610520878794033,-0.26501196106684954,-0.3260271668196049,-0.1015028352155717,-0.5965090111671663,0.4326980282040006,0.2981825372047813,1.0,-0.32351669128070026,0.9601714103746855,-0.48936348058839324,-0.13604073221157445,0.25265366200562533],[0.26888201131991846,0.36085429054199203,-0.02878204168534655,-0.10011462615813235,-0.2563894819531623,0.4853640347849189,0.5059709764225054,0.36387766506626984,0.3580129078145556,0.3927890015327668,-0.0884236629132824,-0.10644002878197648,0.3185118515318371,0.06416563983393178,0.12169162523657126,0.38537211459260584,0.8108393815163996,0.13685865675884226,0.07606647084037962,-0.32351669128070026,1.0,-0.269808685989161,0.6463977668260192,0.8985977834760923,-0.17951070444696887],[0.0062253669659195175,-0.25075111112188436,0.02008042238981045,0.8493080239219505,0.8354742131561852,-0.2993835432447191,-0.41111572885061,-0.6155576111282987,-0.4634839079703846,-0.5701228540403966,0.002585159307365243,-0.008382218148810799,-0.4415554101226723,-0.27255175527926484,-0.3220166699152696,-0.08584937965682106,-0.5562520830666386,0.5076831532828363,0.30190716479857693,0.9601714103746855,-0.269808685989161,1.0,-0.466860277445879,-0.08114503755756544,0.2426433614971528],[0.0325737741155216,0.08824627716243681,-0.08799386481389006,-0.39547590503776303,-0.42438302462018757,0.613532697772407,0.7179865246381892,0.3920733840621034,0.32665423963875445,0.38400187001391406,-0.04130487245243374,-0.02722807074420759,0.29364963232515484,0.2040123866976237,0.2460750697067026,0.15925971932923363,0.3505206685297338,-0.2384034823371001,-0.15510476867185505,-0.48936348058839324,0.6463977668260192,-0.466860277445879,1.0,0.2531004823102855,-0.21541128801315873],[0.32996379612614596,0.4123053595405344,0.01771714466316834,0.10004471811196368,-0.08649172575821548,0.2795664014691615,0.24988593372716456,0.2383807659686911,0.2675914978621182,0.27925722941624903,-0.08790103040068639,-0.1163728104512948,0.2368581416272489,-0.029508540386006414,0.013769684973906725,0.4059942604181356,0.8275702572830049,0.27955163207638445,0.18778632813020676,-0.13604073221157445,0.8985977834760923,-0.08114503755756544,0.2531004823102855,1.0,-0.11034599312486752],[0.05001656089997583,-0.11132060504409108,-0.00900488327841807,0.18551122448399301,0.19523567160585736,-0.12032598587316816,-0.18659759559670358,-0.37052726299824423,-0.3225360933783381,-0.3716274535656417,0.5680524918305576,0.18521021768060236,-0.31210586549367325,-0.18317390587610957,-0.329389060810316,-0.0762909671870847,-0.22682781884456746,0.1290112616018853,0.1633445976334559,0.25265366200562533,-0.17951070444696887,0.2426433614971528,-0.21541128801315873,-0.11034599312486752,1.0]],"type":"heatmap","xaxis":"x","yaxis":"y","hovertemplate":"x: %{x}<br>y: %{y}<br>color: %{z}<extra></extra>"}],                        {"template":{"data":{"histogram2dcontour":[{"type":"histogram2dcontour","colorbar":{"outlinewidth":0,"ticks":""},"colorscale":[[0.0,"#0d0887"],[0.1111111111111111,"#46039f"],[0.2222222222222222,"#7201a8"],[0.3333333333333333,"#9c179e"],[0.4444444444444444,"#bd3786"],[0.5555555555555556,"#d8576b"],[0.6666666666666666,"#ed7953"],[0.7777777777777778,"#fb9f3a"],[0.8888888888888888,"#fdca26"],[1.0,"#f0f921"]]}],"choropleth":[{"type":"choropleth","colorbar":{"outlinewidth":0,"ticks":""}}],"histogram2d":[{"type":"histogram2d","colorbar":{"outlinewidth":0,"ticks":""},"colorscale":[[0.0,"#0d0887"],[0.1111111111111111,"#46039f"],[0.2222222222222222,"#7201a8"],[0.3333333333333333,"#9c179e"],[0.4444444444444444,"#bd3786"],[0.5555555555555556,"#d8576b"],[0.6666666666666666,"#ed7953"],[0.7777777777777778,"#fb9f3a"],[0.8888888888888888,"#fdca26"],[1.0,"#f0f921"]]}],"heatmap":[{"type":"heatmap","colorbar":{"outlinewidth":0,"ticks":""},"colorscale":[[0.0,"#0d0887"],[0.1111111111111111,"#46039f"],[0.2222222222222222,"#7201a8"],[0.3333333333333333,"#9c179e"],[0.4444444444444444,"#bd3786"],[0.5555555555555556,"#d8576b"],[0.6666666666666666,"#ed7953"],[0.7777777777777778,"#fb9f3a"],[0.8888888888888888,"#fdca26"],[1.0,"#f0f921"]]}],"heatmapgl":[{"type":"heatmapgl","colorbar":{"outlinewidth":0,"ticks":""},"colorscale":[[0.0,"#0d0887"],[0.1111111111111111,"#46039f"],[0.2222222222222222,"#7201a8"],[0.3333333333333333,"#9c179e"],[0.4444444444444444,"#bd3786"],[0.5555555555555556,"#d8576b"],[0.6666666666666666,"#ed7953"],[0.7777777777777778,"#fb9f3a"],[0.8888888888888888,"#fdca26"],[1.0,"#f0f921"]]}],"contourcarpet":[{"type":"contourcarpet","colorbar":{"outlinewidth":0,"ticks":""}}],"contour":[{"type":"contour","colorbar":{"outlinewidth":0,"ticks":""},"colorscale":[[0.0,"#0d0887"],[0.1111111111111111,"#46039f"],[0.2222222222222222,"#7201a8"],[0.3333333333333333,"#9c179e"],[0.4444444444444444,"#bd3786"],[0.5555555555555556,"#d8576b"],[0.6666666666666666,"#ed7953"],[0.7777777777777778,"#fb9f3a"],[0.8888888888888888,"#fdca26"],[1.0,"#f0f921"]]}],"surface":[{"type":"surface","colorbar":{"outlinewidth":0,"ticks":""},"colorscale":[[0.0,"#0d0887"],[0.1111111111111111,"#46039f"],[0.2222222222222222,"#7201a8"],[0.3333333333333333,"#9c179e"],[0.4444444444444444,"#bd3786"],[0.5555555555555556,"#d8576b"],[0.6666666666666666,"#ed7953"],[0.7777777777777778,"#fb9f3a"],[0.8888888888888888,"#fdca26"],[1.0,"#f0f921"]]}],"mesh3d":[{"type":"mesh3d","colorbar":{"outlinewidth":0,"ticks":""}}],"scatter":[{"fillpattern":{"fillmode":"overlay","size":10,"solidity":0.2},"type":"scatter"}],"parcoords":[{"type":"parcoords","line":{"colorbar":{"outlinewidth":0,"ticks":""}}}],"scatterpolargl":[{"type":"scatterpolargl","marker":{"colorbar":{"outlinewidth":0,"ticks":""}}}],"bar":[{"error_x":{"color":"#2a3f5f"},"error_y":{"color":"#2a3f5f"},"marker":{"line":{"color":"#E5ECF6","width":0.5},"pattern":{"fillmode":"overlay","size":10,"solidity":0.2}},"type":"bar"}],"scattergeo":[{"type":"scattergeo","marker":{"colorbar":{"outlinewidth":0,"ticks":""}}}],"scatterpolar":[{"type":"scatterpolar","marker":{"colorbar":{"outlinewidth":0,"ticks":""}}}],"histogram":[{"marker":{"pattern":{"fillmode":"overlay","size":10,"solidity":0.2}},"type":"histogram"}],"scattergl":[{"type":"scattergl","marker":{"colorbar":{"outlinewidth":0,"ticks":""}}}],"scatter3d":[{"type":"scatter3d","line":{"colorbar":{"outlinewidth":0,"ticks":""}},"marker":{"colorbar":{"outlinewidth":0,"ticks":""}}}],"scattermapbox":[{"type":"scattermapbox","marker":{"colorbar":{"outlinewidth":0,"ticks":""}}}],"scatterternary":[{"type":"scatterternary","marker":{"colorbar":{"outlinewidth":0,"ticks":""}}}],"scattercarpet":[{"type":"scattercarpet","marker":{"colorbar":{"outlinewidth":0,"ticks":""}}}],"carpet":[{"aaxis":{"endlinecolor":"#2a3f5f","gridcolor":"white","linecolor":"white","minorgridcolor":"white","startlinecolor":"#2a3f5f"},"baxis":{"endlinecolor":"#2a3f5f","gridcolor":"white","linecolor":"white","minorgridcolor":"white","startlinecolor":"#2a3f5f"},"type":"carpet"}],"table":[{"cells":{"fill":{"color":"#EBF0F8"},"line":{"color":"white"}},"header":{"fill":{"color":"#C8D4E3"},"line":{"color":"white"}},"type":"table"}],"barpolar":[{"marker":{"line":{"color":"#E5ECF6","width":0.5},"pattern":{"fillmode":"overlay","size":10,"solidity":0.2}},"type":"barpolar"}],"pie":[{"automargin":true,"type":"pie"}]},"layout":{"autotypenumbers":"strict","colorway":["#636efa","#EF553B","#00cc96","#ab63fa","#FFA15A","#19d3f3","#FF6692","#B6E880","#FF97FF","#FECB52"],"font":{"color":"#2a3f5f"},"hovermode":"closest","hoverlabel":{"align":"left"},"paper_bgcolor":"white","plot_bgcolor":"#E5ECF6","polar":{"bgcolor":"#E5ECF6","angularaxis":{"gridcolor":"white","linecolor":"white","ticks":""},"radialaxis":{"gridcolor":"white","linecolor":"white","ticks":""}},"ternary":{"bgcolor":"#E5ECF6","aaxis":{"gridcolor":"white","linecolor":"white","ticks":""},"baxis":{"gridcolor":"white","linecolor":"white","ticks":""},"caxis":{"gridcolor":"white","linecolor":"white","ticks":""}},"coloraxis":{"colorbar":{"outlinewidth":0,"ticks":""}},"colorscale":{"sequential":[[0.0,"#0d0887"],[0.1111111111111111,"#46039f"],[0.2222222222222222,"#7201a8"],[0.3333333333333333,"#9c179e"],[0.4444444444444444,"#bd3786"],[0.5555555555555556,"#d8576b"],[0.6666666666666666,"#ed7953"],[0.7777777777777778,"#fb9f3a"],[0.8888888888888888,"#fdca26"],[1.0,"#f0f921"]],"sequentialminus":[[0.0,"#0d0887"],[0.1111111111111111,"#46039f"],[0.2222222222222222,"#7201a8"],[0.3333333333333333,"#9c179e"],[0.4444444444444444,"#bd3786"],[0.5555555555555556,"#d8576b"],[0.6666666666666666,"#ed7953"],[0.7777777777777778,"#fb9f3a"],[0.8888888888888888,"#fdca26"],[1.0,"#f0f921"]],"diverging":[[0,"#8e0152"],[0.1,"#c51b7d"],[0.2,"#de77ae"],[0.3,"#f1b6da"],[0.4,"#fde0ef"],[0.5,"#f7f7f7"],[0.6,"#e6f5d0"],[0.7,"#b8e186"],[0.8,"#7fbc41"],[0.9,"#4d9221"],[1,"#276419"]]},"xaxis":{"gridcolor":"white","linecolor":"white","ticks":"","title":{"standoff":15},"zerolinecolor":"white","automargin":true,"zerolinewidth":2},"yaxis":{"gridcolor":"white","linecolor":"white","ticks":"","title":{"standoff":15},"zerolinecolor":"white","automargin":true,"zerolinewidth":2},"scene":{"xaxis":{"backgroundcolor":"#E5ECF6","gridcolor":"white","linecolor":"white","showbackground":true,"ticks":"","zerolinecolor":"white","gridwidth":2},"yaxis":{"backgroundcolor":"#E5ECF6","gridcolor":"white","linecolor":"white","showbackground":true,"ticks":"","zerolinecolor":"white","gridwidth":2},"zaxis":{"backgroundcolor":"#E5ECF6","gridcolor":"white","linecolor":"white","showbackground":true,"ticks":"","zerolinecolor":"white","gridwidth":2}},"shapedefaults":{"line":{"color":"#2a3f5f"}},"annotationdefaults":{"arrowcolor":"#2a3f5f","arrowhead":0,"arrowwidth":1},"geo":{"bgcolor":"white","landcolor":"#E5ECF6","subunitcolor":"white","showland":true,"showlakes":true,"lakecolor":"white"},"title":{"x":0.05},"mapbox":{"style":"light"}}},"xaxis":{"anchor":"y","domain":[0.0,1.0],"scaleanchor":"y","constrain":"domain"},"yaxis":{"anchor":"x","domain":[0.0,1.0],"autorange":"reversed","constrain":"domain"},"coloraxis":{"colorscale":[[0.0,"#0d0887"],[0.1111111111111111,"#46039f"],[0.2222222222222222,"#7201a8"],[0.3333333333333333,"#9c179e"],[0.4444444444444444,"#bd3786"],[0.5555555555555556,"#d8576b"],[0.6666666666666666,"#ed7953"],[0.7777777777777778,"#fb9f3a"],[0.8888888888888888,"#fdca26"],[1.0,"#f0f921"]]},"margin":{"t":60}},                        {"responsive": true}                    ).then(function(){

var gd = document.getElementById('84354bd0-cc5a-459a-810a-545b2a1cb3eb');
var x = new MutationObserver(function (mutations, observer) {{
        var display = window.getComputedStyle(gd).display;
        if (!display || display === 'none') {{
            console.log([gd, 'removed!']);
            Plotly.purge(gd);
            observer.disconnect();
        }}
}});

// Listen for the removal of the full notebook cells
var notebookContainer = gd.closest('#notebook-container');
if (notebookContainer) {{
    x.observe(notebookContainer, {childList: true});
}}

// Listen for the clearing of the current output cell
var outputEl = gd.closest('.output');
if (outputEl) {{
    x.observe(outputEl, {childList: true});
}}

                        })                };                });            </script>        </div>


## How are minutes played distributed?


```python
fig = px.histogram(x=playoffs_df['MIN'], histnorm='percent')
fig.show()
```


