{
 "cells": [
  {
   "cell_type": "code",
   "execution_count": 34,
   "id": "230148fb-01aa-41a4-8fa1-10b6445e2d80",
   "metadata": {
    "tags": []
   },
   "outputs": [],
   "source": [
    "import pandas as pd\n",
    "import plotly.express as px\n",
    "import plotly.graph_objects as go\n",
    "pd.set_option('display.max_columns', None)\n",
    "\n",
    "data = pd.read_excel('nba_player_data.xlsx')"
   ]
  },
  {
   "cell_type": "code",
   "execution_count": 53,
   "id": "9799026d-9252-4c2c-b13a-ca9f2dd72fbe",
   "metadata": {
    "tags": []
   },
   "outputs": [
    {
     "data": {
      "text/html": [
       "<div>\n",
       "<style scoped>\n",
       "    .dataframe tbody tr th:only-of-type {\n",
       "        vertical-align: middle;\n",
       "    }\n",
       "\n",
       "    .dataframe tbody tr th {\n",
       "        vertical-align: top;\n",
       "    }\n",
       "\n",
       "    .dataframe thead th {\n",
       "        text-align: right;\n",
       "    }\n",
       "</style>\n",
       "<table border=\"1\" class=\"dataframe\">\n",
       "  <thead>\n",
       "    <tr style=\"text-align: right;\">\n",
       "      <th></th>\n",
       "      <th>Year</th>\n",
       "      <th>Season_type</th>\n",
       "      <th>PLAYER_ID</th>\n",
       "      <th>RANK</th>\n",
       "      <th>PLAYER</th>\n",
       "      <th>TEAM_ID</th>\n",
       "      <th>TEAM</th>\n",
       "      <th>GP</th>\n",
       "      <th>MIN</th>\n",
       "      <th>FGM</th>\n",
       "      <th>FGA</th>\n",
       "      <th>FG_PCT</th>\n",
       "      <th>FG3M</th>\n",
       "      <th>FG3A</th>\n",
       "      <th>FG3_PCT</th>\n",
       "      <th>FTM</th>\n",
       "      <th>FTA</th>\n",
       "      <th>FT_PCT</th>\n",
       "      <th>OREB</th>\n",
       "      <th>DREB</th>\n",
       "      <th>REB</th>\n",
       "      <th>AST</th>\n",
       "      <th>STL</th>\n",
       "      <th>BLK</th>\n",
       "      <th>TOV</th>\n",
       "      <th>PF</th>\n",
       "      <th>PTS</th>\n",
       "      <th>EFF</th>\n",
       "      <th>AST_TOV</th>\n",
       "      <th>STL_TOV</th>\n",
       "    </tr>\n",
       "  </thead>\n",
       "  <tbody>\n",
       "    <tr>\n",
       "      <th>6709</th>\n",
       "      <td>2023-24</td>\n",
       "      <td>Regular%20Season</td>\n",
       "      <td>1627759</td>\n",
       "      <td>22</td>\n",
       "      <td>Jaylen Brown</td>\n",
       "      <td>1610612738</td>\n",
       "      <td>BOS</td>\n",
       "      <td>70</td>\n",
       "      <td>2343</td>\n",
       "      <td>627</td>\n",
       "      <td>1256</td>\n",
       "      <td>0.499</td>\n",
       "      <td>145</td>\n",
       "      <td>410</td>\n",
       "      <td>0.354</td>\n",
       "      <td>211</td>\n",
       "      <td>300</td>\n",
       "      <td>0.703</td>\n",
       "      <td>84</td>\n",
       "      <td>303</td>\n",
       "      <td>387</td>\n",
       "      <td>249</td>\n",
       "      <td>83</td>\n",
       "      <td>37</td>\n",
       "      <td>166</td>\n",
       "      <td>185</td>\n",
       "      <td>1610</td>\n",
       "      <td>1482</td>\n",
       "      <td>1.50</td>\n",
       "      <td>0.50</td>\n",
       "    </tr>\n",
       "    <tr>\n",
       "      <th>5831</th>\n",
       "      <td>2021-22</td>\n",
       "      <td>Playoffs</td>\n",
       "      <td>1629651</td>\n",
       "      <td>116</td>\n",
       "      <td>Nic Claxton</td>\n",
       "      <td>1610612751</td>\n",
       "      <td>BKN</td>\n",
       "      <td>4</td>\n",
       "      <td>98</td>\n",
       "      <td>19</td>\n",
       "      <td>24</td>\n",
       "      <td>0.792</td>\n",
       "      <td>0</td>\n",
       "      <td>0</td>\n",
       "      <td>0.000</td>\n",
       "      <td>4</td>\n",
       "      <td>22</td>\n",
       "      <td>0.182</td>\n",
       "      <td>7</td>\n",
       "      <td>18</td>\n",
       "      <td>25</td>\n",
       "      <td>6</td>\n",
       "      <td>5</td>\n",
       "      <td>9</td>\n",
       "      <td>2</td>\n",
       "      <td>6</td>\n",
       "      <td>42</td>\n",
       "      <td>62</td>\n",
       "      <td>3.00</td>\n",
       "      <td>2.50</td>\n",
       "    </tr>\n",
       "    <tr>\n",
       "      <th>823</th>\n",
       "      <td>2015-16</td>\n",
       "      <td>Regular%20Season</td>\n",
       "      <td>202685</td>\n",
       "      <td>124</td>\n",
       "      <td>Jonas Valan훾i큰nas</td>\n",
       "      <td>1610612761</td>\n",
       "      <td>TOR</td>\n",
       "      <td>60</td>\n",
       "      <td>1557</td>\n",
       "      <td>303</td>\n",
       "      <td>536</td>\n",
       "      <td>0.565</td>\n",
       "      <td>0</td>\n",
       "      <td>0</td>\n",
       "      <td>0.000</td>\n",
       "      <td>162</td>\n",
       "      <td>213</td>\n",
       "      <td>0.761</td>\n",
       "      <td>184</td>\n",
       "      <td>363</td>\n",
       "      <td>547</td>\n",
       "      <td>42</td>\n",
       "      <td>25</td>\n",
       "      <td>80</td>\n",
       "      <td>85</td>\n",
       "      <td>158</td>\n",
       "      <td>768</td>\n",
       "      <td>1093</td>\n",
       "      <td>0.49</td>\n",
       "      <td>0.29</td>\n",
       "    </tr>\n",
       "    <tr>\n",
       "      <th>4288</th>\n",
       "      <td>2019-20</td>\n",
       "      <td>Playoffs</td>\n",
       "      <td>203118</td>\n",
       "      <td>174</td>\n",
       "      <td>Mike Scott</td>\n",
       "      <td>1610612755</td>\n",
       "      <td>PHI</td>\n",
       "      <td>4</td>\n",
       "      <td>20</td>\n",
       "      <td>1</td>\n",
       "      <td>5</td>\n",
       "      <td>0.200</td>\n",
       "      <td>0</td>\n",
       "      <td>2</td>\n",
       "      <td>0.000</td>\n",
       "      <td>4</td>\n",
       "      <td>4</td>\n",
       "      <td>1.000</td>\n",
       "      <td>2</td>\n",
       "      <td>6</td>\n",
       "      <td>8</td>\n",
       "      <td>1</td>\n",
       "      <td>0</td>\n",
       "      <td>0</td>\n",
       "      <td>0</td>\n",
       "      <td>2</td>\n",
       "      <td>6</td>\n",
       "      <td>11</td>\n",
       "      <td>0.00</td>\n",
       "      <td>0.00</td>\n",
       "    </tr>\n",
       "    <tr>\n",
       "      <th>5156</th>\n",
       "      <td>2021-22</td>\n",
       "      <td>Regular%20Season</td>\n",
       "      <td>202699</td>\n",
       "      <td>48</td>\n",
       "      <td>Tobias Harris</td>\n",
       "      <td>1610612755</td>\n",
       "      <td>PHI</td>\n",
       "      <td>73</td>\n",
       "      <td>2543</td>\n",
       "      <td>493</td>\n",
       "      <td>1022</td>\n",
       "      <td>0.482</td>\n",
       "      <td>101</td>\n",
       "      <td>275</td>\n",
       "      <td>0.367</td>\n",
       "      <td>170</td>\n",
       "      <td>202</td>\n",
       "      <td>0.842</td>\n",
       "      <td>77</td>\n",
       "      <td>419</td>\n",
       "      <td>496</td>\n",
       "      <td>252</td>\n",
       "      <td>47</td>\n",
       "      <td>43</td>\n",
       "      <td>116</td>\n",
       "      <td>164</td>\n",
       "      <td>1257</td>\n",
       "      <td>1418</td>\n",
       "      <td>2.17</td>\n",
       "      <td>0.41</td>\n",
       "    </tr>\n",
       "    <tr>\n",
       "      <th>4071</th>\n",
       "      <td>2019-20</td>\n",
       "      <td>Regular%20Season</td>\n",
       "      <td>1629648</td>\n",
       "      <td>486</td>\n",
       "      <td>Jordan Bone</td>\n",
       "      <td>1610612765</td>\n",
       "      <td>DET</td>\n",
       "      <td>10</td>\n",
       "      <td>53</td>\n",
       "      <td>5</td>\n",
       "      <td>20</td>\n",
       "      <td>0.250</td>\n",
       "      <td>2</td>\n",
       "      <td>10</td>\n",
       "      <td>0.200</td>\n",
       "      <td>0</td>\n",
       "      <td>0</td>\n",
       "      <td>0.000</td>\n",
       "      <td>0</td>\n",
       "      <td>4</td>\n",
       "      <td>4</td>\n",
       "      <td>8</td>\n",
       "      <td>1</td>\n",
       "      <td>0</td>\n",
       "      <td>2</td>\n",
       "      <td>6</td>\n",
       "      <td>12</td>\n",
       "      <td>8</td>\n",
       "      <td>4.00</td>\n",
       "      <td>0.50</td>\n",
       "    </tr>\n",
       "    <tr>\n",
       "      <th>4213</th>\n",
       "      <td>2019-20</td>\n",
       "      <td>Playoffs</td>\n",
       "      <td>203085</td>\n",
       "      <td>101</td>\n",
       "      <td>Austin Rivers</td>\n",
       "      <td>1610612745</td>\n",
       "      <td>HOU</td>\n",
       "      <td>12</td>\n",
       "      <td>211</td>\n",
       "      <td>19</td>\n",
       "      <td>61</td>\n",
       "      <td>0.311</td>\n",
       "      <td>9</td>\n",
       "      <td>35</td>\n",
       "      <td>0.257</td>\n",
       "      <td>10</td>\n",
       "      <td>13</td>\n",
       "      <td>0.769</td>\n",
       "      <td>2</td>\n",
       "      <td>28</td>\n",
       "      <td>30</td>\n",
       "      <td>16</td>\n",
       "      <td>7</td>\n",
       "      <td>1</td>\n",
       "      <td>8</td>\n",
       "      <td>22</td>\n",
       "      <td>57</td>\n",
       "      <td>58</td>\n",
       "      <td>2.00</td>\n",
       "      <td>0.88</td>\n",
       "    </tr>\n",
       "    <tr>\n",
       "      <th>2133</th>\n",
       "      <td>2017-18</td>\n",
       "      <td>Regular%20Season</td>\n",
       "      <td>201569</td>\n",
       "      <td>42</td>\n",
       "      <td>Eric Gordon</td>\n",
       "      <td>1610612745</td>\n",
       "      <td>HOU</td>\n",
       "      <td>69</td>\n",
       "      <td>2154</td>\n",
       "      <td>415</td>\n",
       "      <td>970</td>\n",
       "      <td>0.428</td>\n",
       "      <td>218</td>\n",
       "      <td>608</td>\n",
       "      <td>0.359</td>\n",
       "      <td>195</td>\n",
       "      <td>241</td>\n",
       "      <td>0.809</td>\n",
       "      <td>25</td>\n",
       "      <td>145</td>\n",
       "      <td>170</td>\n",
       "      <td>154</td>\n",
       "      <td>44</td>\n",
       "      <td>27</td>\n",
       "      <td>130</td>\n",
       "      <td>116</td>\n",
       "      <td>1243</td>\n",
       "      <td>907</td>\n",
       "      <td>1.19</td>\n",
       "      <td>0.34</td>\n",
       "    </tr>\n",
       "    <tr>\n",
       "      <th>4310</th>\n",
       "      <td>2019-20</td>\n",
       "      <td>Playoffs</td>\n",
       "      <td>201960</td>\n",
       "      <td>196</td>\n",
       "      <td>DeMarre Carroll</td>\n",
       "      <td>1610612745</td>\n",
       "      <td>HOU</td>\n",
       "      <td>2</td>\n",
       "      <td>6</td>\n",
       "      <td>1</td>\n",
       "      <td>2</td>\n",
       "      <td>0.500</td>\n",
       "      <td>0</td>\n",
       "      <td>0</td>\n",
       "      <td>0.000</td>\n",
       "      <td>0</td>\n",
       "      <td>0</td>\n",
       "      <td>0.000</td>\n",
       "      <td>0</td>\n",
       "      <td>3</td>\n",
       "      <td>3</td>\n",
       "      <td>1</td>\n",
       "      <td>0</td>\n",
       "      <td>0</td>\n",
       "      <td>0</td>\n",
       "      <td>1</td>\n",
       "      <td>2</td>\n",
       "      <td>5</td>\n",
       "      <td>0.00</td>\n",
       "      <td>0.00</td>\n",
       "    </tr>\n",
       "    <tr>\n",
       "      <th>5366</th>\n",
       "      <td>2021-22</td>\n",
       "      <td>Regular%20Season</td>\n",
       "      <td>202397</td>\n",
       "      <td>258</td>\n",
       "      <td>Ish Smith</td>\n",
       "      <td>1610612764</td>\n",
       "      <td>WAS</td>\n",
       "      <td>65</td>\n",
       "      <td>1126</td>\n",
       "      <td>185</td>\n",
       "      <td>430</td>\n",
       "      <td>0.430</td>\n",
       "      <td>25</td>\n",
       "      <td>67</td>\n",
       "      <td>0.373</td>\n",
       "      <td>15</td>\n",
       "      <td>24</td>\n",
       "      <td>0.625</td>\n",
       "      <td>25</td>\n",
       "      <td>115</td>\n",
       "      <td>140</td>\n",
       "      <td>244</td>\n",
       "      <td>47</td>\n",
       "      <td>23</td>\n",
       "      <td>78</td>\n",
       "      <td>78</td>\n",
       "      <td>410</td>\n",
       "      <td>532</td>\n",
       "      <td>3.13</td>\n",
       "      <td>0.60</td>\n",
       "    </tr>\n",
       "  </tbody>\n",
       "</table>\n",
       "</div>"
      ],
      "text/plain": [
       "         Year       Season_type  PLAYER_ID  RANK             PLAYER  \\\n",
       "6709  2023-24  Regular%20Season    1627759    22       Jaylen Brown   \n",
       "5831  2021-22          Playoffs    1629651   116        Nic Claxton   \n",
       "823   2015-16  Regular%20Season     202685   124  Jonas Valan훾i큰nas   \n",
       "4288  2019-20          Playoffs     203118   174         Mike Scott   \n",
       "5156  2021-22  Regular%20Season     202699    48      Tobias Harris   \n",
       "4071  2019-20  Regular%20Season    1629648   486        Jordan Bone   \n",
       "4213  2019-20          Playoffs     203085   101      Austin Rivers   \n",
       "2133  2017-18  Regular%20Season     201569    42        Eric Gordon   \n",
       "4310  2019-20          Playoffs     201960   196    DeMarre Carroll   \n",
       "5366  2021-22  Regular%20Season     202397   258          Ish Smith   \n",
       "\n",
       "         TEAM_ID TEAM  GP   MIN  FGM   FGA  FG_PCT  FG3M  FG3A  FG3_PCT  FTM  \\\n",
       "6709  1610612738  BOS  70  2343  627  1256   0.499   145   410    0.354  211   \n",
       "5831  1610612751  BKN   4    98   19    24   0.792     0     0    0.000    4   \n",
       "823   1610612761  TOR  60  1557  303   536   0.565     0     0    0.000  162   \n",
       "4288  1610612755  PHI   4    20    1     5   0.200     0     2    0.000    4   \n",
       "5156  1610612755  PHI  73  2543  493  1022   0.482   101   275    0.367  170   \n",
       "4071  1610612765  DET  10    53    5    20   0.250     2    10    0.200    0   \n",
       "4213  1610612745  HOU  12   211   19    61   0.311     9    35    0.257   10   \n",
       "2133  1610612745  HOU  69  2154  415   970   0.428   218   608    0.359  195   \n",
       "4310  1610612745  HOU   2     6    1     2   0.500     0     0    0.000    0   \n",
       "5366  1610612764  WAS  65  1126  185   430   0.430    25    67    0.373   15   \n",
       "\n",
       "      FTA  FT_PCT  OREB  DREB  REB  AST  STL  BLK  TOV   PF   PTS   EFF  \\\n",
       "6709  300   0.703    84   303  387  249   83   37  166  185  1610  1482   \n",
       "5831   22   0.182     7    18   25    6    5    9    2    6    42    62   \n",
       "823   213   0.761   184   363  547   42   25   80   85  158   768  1093   \n",
       "4288    4   1.000     2     6    8    1    0    0    0    2     6    11   \n",
       "5156  202   0.842    77   419  496  252   47   43  116  164  1257  1418   \n",
       "4071    0   0.000     0     4    4    8    1    0    2    6    12     8   \n",
       "4213   13   0.769     2    28   30   16    7    1    8   22    57    58   \n",
       "2133  241   0.809    25   145  170  154   44   27  130  116  1243   907   \n",
       "4310    0   0.000     0     3    3    1    0    0    0    1     2     5   \n",
       "5366   24   0.625    25   115  140  244   47   23   78   78   410   532   \n",
       "\n",
       "      AST_TOV  STL_TOV  \n",
       "6709     1.50     0.50  \n",
       "5831     3.00     2.50  \n",
       "823      0.49     0.29  \n",
       "4288     0.00     0.00  \n",
       "5156     2.17     0.41  \n",
       "4071     4.00     0.50  \n",
       "4213     2.00     0.88  \n",
       "2133     1.19     0.34  \n",
       "4310     0.00     0.00  \n",
       "5366     3.13     0.60  "
      ]
     },
     "execution_count": 53,
     "metadata": {},
     "output_type": "execute_result"
    }
   ],
   "source": [
    "data.sample(10)"
   ]
  },
  {
   "cell_type": "code",
   "execution_count": 54,
   "id": "c75d1580-a9af-486a-904d-0cfc36fef89a",
   "metadata": {
    "tags": []
   },
   "outputs": [
    {
     "data": {
      "text/plain": [
       "(7473, 30)"
      ]
     },
     "execution_count": 54,
     "metadata": {},
     "output_type": "execute_result"
    }
   ],
   "source": [
    "data.shape"
   ]
  },
  {
   "cell_type": "markdown",
   "id": "48540986-bf89-4e8e-b594-68a21e434e8d",
   "metadata": {},
   "source": [
    "## Data Cleaning & Analysis Preparation"
   ]
  },
  {
   "cell_type": "code",
   "execution_count": 55,
   "id": "644b4b45-8f5d-4c45-a9c1-c63657639c83",
   "metadata": {
    "tags": []
   },
   "outputs": [],
   "source": [
    "data.drop(columns=['RANK','EFF'], inplace=True)"
   ]
  },
  {
   "cell_type": "code",
   "execution_count": 56,
   "id": "ed7ab207-ed5b-429e-9209-89f143e488f0",
   "metadata": {
    "tags": []
   },
   "outputs": [],
   "source": [
    "data['season_start_year'] = data['Year'].str[:4].astype(int)"
   ]
  },
  {
   "cell_type": "code",
   "execution_count": 136,
   "id": "7b4563f5-fc2c-4dcf-bac4-e95ef845a939",
   "metadata": {
    "tags": []
   },
   "outputs": [],
   "source": [
    "data['Season_type'].replace('Regular%20Season', 'RS', inplace=True)"
   ]
  },
  {
   "cell_type": "code",
   "execution_count": 139,
   "id": "e13e514a-2878-4fb4-80cc-6abb3e7c6174",
   "metadata": {
    "tags": []
   },
   "outputs": [],
   "source": [
    "rs_df = data[data['Season_type']=='RS']\n",
    "playoffs_df = data[data['Season_type']=='Playoffs']"
   ]
  },
  {
   "cell_type": "code",
   "execution_count": 59,
   "id": "e6feb438-09fe-45ce-80a3-c0c695801570",
   "metadata": {
    "tags": []
   },
   "outputs": [
    {
     "data": {
      "text/plain": [
       "Index(['Year', 'Season_type', 'PLAYER_ID', 'PLAYER', 'TEAM_ID', 'TEAM', 'GP',\n",
       "       'MIN', 'FGM', 'FGA', 'FG_PCT', 'FG3M', 'FG3A', 'FG3_PCT', 'FTM', 'FTA',\n",
       "       'FT_PCT', 'OREB', 'DREB', 'REB', 'AST', 'STL', 'BLK', 'TOV', 'PF',\n",
       "       'PTS', 'AST_TOV', 'STL_TOV', 'season_start_year'],\n",
       "      dtype='object')"
      ]
     },
     "execution_count": 59,
     "metadata": {},
     "output_type": "execute_result"
    }
   ],
   "source": [
    "data.columns"
   ]
  },
  {
   "cell_type": "code",
   "execution_count": 60,
   "id": "47491d26-18a2-4b7a-bd03-2f70ae56a4c4",
   "metadata": {
    "tags": []
   },
   "outputs": [],
   "source": [
    "total_cols = ['MIN', 'FGM', 'FGA', 'FG3M', 'FG3A', 'FTM', 'FTA',\n",
    "              'OREB', 'DREB', 'REB', 'AST', 'STL', 'BLK', 'TOV', 'PF', 'PTS']"
   ]
  },
  {
   "cell_type": "markdown",
   "id": "bd4e4af9-5c60-401e-9a31-f45fbe854614",
   "metadata": {},
   "source": [
    "## Which player stats are correlated with each other?"
   ]
  },
  {
   "cell_type": "code",
   "execution_count": 61,
   "id": "a2072192-cba5-4787-99b4-9c8d63af94da",
   "metadata": {
    "tags": []
   },
   "outputs": [
    {
     "name": "stderr",
     "output_type": "stream",
     "text": [
      "/var/folders/9v/vsbp1y656lgffz9zwbrwqwdr0000gn/T/ipykernel_23243/4261534714.py:18: FutureWarning:\n",
      "\n",
      "The default value of numeric_only in DataFrame.corr is deprecated. In a future version, it will default to False. Select only valid columns or specify the value of numeric_only to silence this warning.\n",
      "\n"
     ]
    },
    {
     "data": {
      "application/vnd.plotly.v1+json": {
       "config": {
        "plotlyServerURL": "https://plot.ly"
       },
       "data": [
        {
         "coloraxis": "coloraxis",
         "hovertemplate": "x: %{x}<br>y: %{y}<br>color: %{z}<extra></extra>",
         "name": "0",
         "type": "heatmap",
         "x": [
          "MIN",
          "FGM",
          "FGA",
          "FG3M",
          "FG3A",
          "FTM",
          "FTA",
          "OREB",
          "DREB",
          "REB",
          "AST",
          "STL",
          "BLK",
          "TOV",
          "PF",
          "PTS",
          "FG%",
          "3PT%",
          "FT%",
          "FG3A%",
          "PTS/FGA",
          "FG3m/FGM",
          "FTA/FGA",
          "TRU%",
          "AST_TOV"
         ],
         "xaxis": "x",
         "y": [
          "MIN",
          "FGM",
          "FGA",
          "FG3M",
          "FG3A",
          "FTM",
          "FTA",
          "OREB",
          "DREB",
          "REB",
          "AST",
          "STL",
          "BLK",
          "TOV",
          "PF",
          "PTS",
          "FG%",
          "3PT%",
          "FT%",
          "FG3A%",
          "PTS/FGA",
          "FG3m/FGM",
          "FTA/FGA",
          "TRU%",
          "AST_TOV"
         ],
         "yaxis": "y",
         "z": [
          [
           1,
           0.4402505390529691,
           0.36104253232461303,
           0.20578690246846928,
           0.12116430182881398,
           0.3403048883892323,
           0.2736089575994325,
           -0.1236413623919274,
           0.050734318531070785,
           -0.019059042446738953,
           0.24695319299014662,
           0.025734543233248208,
           -0.05110182171638817,
           0.15554923879941965,
           -0.367215600432632,
           0.46753288894224787,
           0.20021014131760018,
           0.1947881473154082,
           0.25223878678606815,
           -0.019449480968585845,
           0.26888201131991846,
           0.0062253669659195175,
           0.0325737741155216,
           0.32996379612614596,
           0.05001656089997583
          ],
          [
           0.4402505390529691,
           1,
           0.8690831689995845,
           0.18740714838784758,
           0.13184123722944305,
           0.6299847236689353,
           0.5958335920926845,
           0.08456719342394654,
           0.24078969620450055,
           0.19587175193987508,
           0.24842453837302278,
           -0.03564685778100755,
           0.07750626240469786,
           0.43137740247177075,
           -0.18048384263846817,
           0.9583889940764294,
           0.4019181039431473,
           0.1212889866806231,
           0.19027737693218155,
           -0.2624113610390845,
           0.36085429054199203,
           -0.25075111112188436,
           0.08824627716243681,
           0.4123053595405344,
           -0.11132060504409108
          ],
          [
           0.36104253232461303,
           0.8690831689995845,
           1,
           0.4265474998914386,
           0.44760178575528703,
           0.5684736918435629,
           0.49120979893681865,
           -0.21508840788989292,
           -0.007827436711285458,
           -0.0969249398731001,
           0.34722193102253895,
           0.012390765313423048,
           -0.16363972912798028,
           0.44932529368226576,
           -0.3113960401551404,
           0.8968533440838464,
           -0.07897686260702097,
           0.16668929159252593,
           0.28847544288897076,
           0.027791990742769446,
           -0.02878204168534655,
           0.02008042238981045,
           -0.08799386481389006,
           0.01771714466316834,
           -0.00900488327841807
          ],
          [
           0.20578690246846928,
           0.18740714838784758,
           0.4265474998914386,
           1,
           0.954575606041748,
           -0.016826629142451515,
           -0.15193618937157263,
           -0.6124680018429509,
           -0.3974936180548392,
           -0.5250091694555257,
           0.1377475021923085,
           -0.02166966855063447,
           -0.43055956023879466,
           -0.0591198252022015,
           -0.4035113197899456,
           0.35102149849745995,
           -0.3844861188371926,
           0.5728540573599674,
           0.39467184158959123,
           0.8271197876268116,
           -0.10011462615813235,
           0.8493080239219505,
           -0.39547590503776303,
           0.10004471811196368,
           0.18551122448399301
          ],
          [
           0.12116430182881398,
           0.13184123722944305,
           0.44760178575528703,
           0.954575606041748,
           1,
           -0.03400364719883416,
           -0.16691043853460488,
           -0.6463075024648308,
           -0.43068637148920214,
           -0.561470076588402,
           0.1518369820183335,
           -0.0007728690204781906,
           -0.4563484812501274,
           -0.03927396754009623,
           -0.3976046135031781,
           0.2953707930532961,
           -0.5246737659794735,
           0.44014024734529233,
           0.37284338250728577,
           0.8702271342682006,
           -0.2563894819531623,
           0.8354742131561852,
           -0.42438302462018757,
           -0.08649172575821548,
           0.19523567160585736
          ],
          [
           0.3403048883892323,
           0.6299847236689353,
           0.5684736918435629,
           -0.016826629142451515,
           -0.03400364719883416,
           1,
           0.9561927737649579,
           0.09905111385580784,
           0.21525339737648166,
           0.1851010206982312,
           0.25890057670887195,
           0.01316189110433888,
           0.08083396823996847,
           0.47106589532240656,
           -0.07021718581215414,
           0.7524915543241898,
           0.20761977766223705,
           0.01124226746912337,
           0.2706634293415512,
           -0.30706194837495326,
           0.4853640347849189,
           -0.2993835432447191,
           0.613532697772407,
           0.2795664014691615,
           -0.12032598587316816
          ],
          [
           0.2736089575994325,
           0.5958335920926845,
           0.49120979893681865,
           -0.15193618937157263,
           -0.16691043853460488,
           0.9561927737649579,
           1,
           0.2400724428991371,
           0.3119344779179062,
           0.3094079723935119,
           0.1913155964666387,
           0.011878720433284013,
           0.1853048588224416,
           0.47410024618055946,
           0.02731982657499497,
           0.6849890191274325,
           0.2842397873139607,
           -0.08010552473636535,
           0.03041560930609336,
           -0.4237773821675864,
           0.5059709764225054,
           -0.41111572885061,
           0.7179865246381892,
           0.24988593372716456,
           -0.18659759559670358
          ],
          [
           -0.1236413623919274,
           0.08456719342394654,
           -0.21508840788989292,
           -0.6124680018429509,
           -0.6463075024648308,
           0.09905111385580784,
           0.2400724428991371,
           1,
           0.6671378895196243,
           0.869238212887394,
           -0.35470889218388085,
           -0.10594036480243643,
           0.5972839741891869,
           -0.0024568020284884227,
           0.48604523395676275,
           -0.04300575748012456,
           0.5696030093149581,
           -0.40041276163018064,
           -0.36630568446723427,
           -0.6487099282402246,
           0.36387766506626984,
           -0.6155576111282987,
           0.3920733840621034,
           0.2383807659686911,
           -0.37052726299824423
          ],
          [
           0.050734318531070785,
           0.24078969620450055,
           -0.007827436711285458,
           -0.3974936180548392,
           -0.43068637148920214,
           0.21525339737648166,
           0.3119344779179062,
           0.6671378895196243,
           1,
           0.9481923951100716,
           -0.20228737055287654,
           -0.12083812062889078,
           0.5343231200893259,
           0.14237336168120168,
           0.32895379697147537,
           0.15263492904473983,
           0.48434926653668364,
           -0.23788676097555556,
           -0.23526636051015193,
           -0.48520710739984,
           0.3580129078145556,
           -0.4634839079703846,
           0.32665423963875445,
           0.2675914978621182,
           -0.3225360933783381
          ],
          [
           -0.019059042446738953,
           0.19587175193987508,
           -0.0969249398731001,
           -0.5250091694555257,
           -0.561470076588402,
           0.1851010206982312,
           0.3094079723935119,
           0.869238212887394,
           0.9481923951100716,
           1,
           -0.2855277478067434,
           -0.12537815705991348,
           0.6093437274869729,
           0.09344173159901731,
           0.42560477809677694,
           0.08295890516418637,
           0.5643721089871768,
           -0.32705200424939257,
           -0.3121888787925397,
           -0.5986786489705554,
           0.3927890015327668,
           -0.5701228540403966,
           0.38400187001391406,
           0.27925722941624903,
           -0.3716274535656417
          ],
          [
           0.24695319299014662,
           0.24842453837302278,
           0.34722193102253895,
           0.1377475021923085,
           0.1518369820183335,
           0.25890057670887195,
           0.1913155964666387,
           -0.35470889218388085,
           -0.20228737055287654,
           -0.2855277478067434,
           1,
           0.28947531202964866,
           -0.30348622684541116,
           0.5777058144550516,
           -0.29103769620724973,
           0.2883200397738813,
           -0.14202128626140437,
           0.0927824261735893,
           0.19068012230852546,
           0.01657675301081573,
           -0.0884236629132824,
           0.002585159307365243,
           -0.04130487245243374,
           -0.08790103040068639,
           0.5680524918305576
          ],
          [
           0.025734543233248208,
           -0.03564685778100755,
           0.012390765313423048,
           -0.02166966855063447,
           -0.0007728690204781906,
           0.01316189110433888,
           0.011878720433284013,
           -0.10594036480243643,
           -0.12083812062889078,
           -0.12537815705991348,
           0.28947531202964866,
           1,
           -0.051938431178149586,
           0.16489314314235262,
           -0.004750658285003467,
           -0.026918229580404917,
           -0.10291431723379353,
           -0.017095126839821565,
           -0.02625794767196677,
           0.0040658350340903125,
           -0.10644002878197648,
           -0.008382218148810799,
           -0.02722807074420759,
           -0.1163728104512948,
           0.18521021768060236
          ],
          [
           -0.05110182171638817,
           0.07750626240469786,
           -0.16363972912798028,
           -0.43055956023879466,
           -0.4563484812501274,
           0.08083396823996847,
           0.1853048588224416,
           0.5972839741891869,
           0.5343231200893259,
           0.6093437274869729,
           -0.30348622684541116,
           -0.051938431178149586,
           1,
           -0.0009979826724198517,
           0.42033795563850657,
           -0.013719909352489535,
           0.47004674303229366,
           -0.2687643546177841,
           -0.28443297509489857,
           -0.4610520878794033,
           0.3185118515318371,
           -0.4415554101226723,
           0.29364963232515484,
           0.2368581416272489,
           -0.31210586549367325
          ],
          [
           0.15554923879941965,
           0.43137740247177075,
           0.44932529368226576,
           -0.0591198252022015,
           -0.03927396754009623,
           0.47106589532240656,
           0.47410024618055946,
           -0.0024568020284884227,
           0.14237336168120168,
           0.09344173159901731,
           0.5777058144550516,
           0.16489314314235262,
           -0.0009979826724198517,
           1,
           0.059717700633538706,
           0.44168606302901825,
           0.050108368134722275,
           -0.06421831658294501,
           0.034020954748553024,
           -0.26501196106684954,
           0.06416563983393178,
           -0.27255175527926484,
           0.2040123866976237,
           -0.029508540386006414,
           -0.18317390587610957
          ],
          [
           -0.367215600432632,
           -0.18048384263846817,
           -0.3113960401551404,
           -0.4035113197899456,
           -0.3976046135031781,
           -0.07021718581215414,
           0.02731982657499497,
           0.48604523395676275,
           0.32895379697147537,
           0.42560477809677694,
           -0.29103769620724973,
           -0.004750658285003467,
           0.42033795563850657,
           0.059717700633538706,
           1,
           -0.24107226545637245,
           0.21649936736687006,
           -0.2735211992590691,
           -0.28262446842366756,
           -0.3260271668196049,
           0.12169162523657126,
           -0.3220166699152696,
           0.2460750697067026,
           0.013769684973906725,
           -0.329389060810316
          ],
          [
           0.46753288894224787,
           0.9583889940764294,
           0.8968533440838464,
           0.35102149849745995,
           0.2953707930532961,
           0.7524915543241898,
           0.6849890191274325,
           -0.04300575748012456,
           0.15263492904473983,
           0.08295890516418637,
           0.2883200397738813,
           -0.026918229580404917,
           -0.013719909352489535,
           0.44168606302901825,
           -0.24107226545637245,
           1,
           0.271036614911168,
           0.21339118793227554,
           0.306079326200188,
           -0.1015028352155717,
           0.38537211459260584,
           -0.08584937965682106,
           0.15925971932923363,
           0.4059942604181356,
           -0.0762909671870847
          ],
          [
           0.20021014131760018,
           0.4019181039431473,
           -0.07897686260702097,
           -0.3844861188371926,
           -0.5246737659794735,
           0.20761977766223705,
           0.2842397873139607,
           0.5696030093149581,
           0.48434926653668364,
           0.5643721089871768,
           -0.14202128626140437,
           -0.10291431723379353,
           0.47004674303229366,
           0.050108368134722275,
           0.21649936736687006,
           0.271036614911168,
           1,
           -0.07363094532301155,
           -0.16624465114532117,
           -0.5965090111671663,
           0.8108393815163996,
           -0.5562520830666386,
           0.3505206685297338,
           0.8275702572830049,
           -0.22682781884456746
          ],
          [
           0.1947881473154082,
           0.1212889866806231,
           0.16668929159252593,
           0.5728540573599674,
           0.44014024734529233,
           0.01124226746912337,
           -0.08010552473636535,
           -0.40041276163018064,
           -0.23788676097555556,
           -0.32705200424939257,
           0.0927824261735893,
           -0.017095126839821565,
           -0.2687643546177841,
           -0.06421831658294501,
           -0.2735211992590691,
           0.21339118793227554,
           -0.07363094532301155,
           1,
           0.2862042616344374,
           0.4326980282040006,
           0.13685865675884226,
           0.5076831532828363,
           -0.2384034823371001,
           0.27955163207638445,
           0.1290112616018853
          ],
          [
           0.25223878678606815,
           0.19027737693218155,
           0.28847544288897076,
           0.39467184158959123,
           0.37284338250728577,
           0.2706634293415512,
           0.03041560930609336,
           -0.36630568446723427,
           -0.23526636051015193,
           -0.3121888787925397,
           0.19068012230852546,
           -0.02625794767196677,
           -0.28443297509489857,
           0.034020954748553024,
           -0.28262446842366756,
           0.306079326200188,
           -0.16624465114532117,
           0.2862042616344374,
           1,
           0.2981825372047813,
           0.07606647084037962,
           0.30190716479857693,
           -0.15510476867185505,
           0.18778632813020676,
           0.1633445976334559
          ],
          [
           -0.019449480968585845,
           -0.2624113610390845,
           0.027791990742769446,
           0.8271197876268116,
           0.8702271342682006,
           -0.30706194837495326,
           -0.4237773821675864,
           -0.6487099282402246,
           -0.48520710739984,
           -0.5986786489705554,
           0.01657675301081573,
           0.0040658350340903125,
           -0.4610520878794033,
           -0.26501196106684954,
           -0.3260271668196049,
           -0.1015028352155717,
           -0.5965090111671663,
           0.4326980282040006,
           0.2981825372047813,
           1,
           -0.32351669128070026,
           0.9601714103746855,
           -0.48936348058839324,
           -0.13604073221157445,
           0.25265366200562533
          ],
          [
           0.26888201131991846,
           0.36085429054199203,
           -0.02878204168534655,
           -0.10011462615813235,
           -0.2563894819531623,
           0.4853640347849189,
           0.5059709764225054,
           0.36387766506626984,
           0.3580129078145556,
           0.3927890015327668,
           -0.0884236629132824,
           -0.10644002878197648,
           0.3185118515318371,
           0.06416563983393178,
           0.12169162523657126,
           0.38537211459260584,
           0.8108393815163996,
           0.13685865675884226,
           0.07606647084037962,
           -0.32351669128070026,
           1,
           -0.269808685989161,
           0.6463977668260192,
           0.8985977834760923,
           -0.17951070444696887
          ],
          [
           0.0062253669659195175,
           -0.25075111112188436,
           0.02008042238981045,
           0.8493080239219505,
           0.8354742131561852,
           -0.2993835432447191,
           -0.41111572885061,
           -0.6155576111282987,
           -0.4634839079703846,
           -0.5701228540403966,
           0.002585159307365243,
           -0.008382218148810799,
           -0.4415554101226723,
           -0.27255175527926484,
           -0.3220166699152696,
           -0.08584937965682106,
           -0.5562520830666386,
           0.5076831532828363,
           0.30190716479857693,
           0.9601714103746855,
           -0.269808685989161,
           1,
           -0.466860277445879,
           -0.08114503755756544,
           0.2426433614971528
          ],
          [
           0.0325737741155216,
           0.08824627716243681,
           -0.08799386481389006,
           -0.39547590503776303,
           -0.42438302462018757,
           0.613532697772407,
           0.7179865246381892,
           0.3920733840621034,
           0.32665423963875445,
           0.38400187001391406,
           -0.04130487245243374,
           -0.02722807074420759,
           0.29364963232515484,
           0.2040123866976237,
           0.2460750697067026,
           0.15925971932923363,
           0.3505206685297338,
           -0.2384034823371001,
           -0.15510476867185505,
           -0.48936348058839324,
           0.6463977668260192,
           -0.466860277445879,
           1,
           0.2531004823102855,
           -0.21541128801315873
          ],
          [
           0.32996379612614596,
           0.4123053595405344,
           0.01771714466316834,
           0.10004471811196368,
           -0.08649172575821548,
           0.2795664014691615,
           0.24988593372716456,
           0.2383807659686911,
           0.2675914978621182,
           0.27925722941624903,
           -0.08790103040068639,
           -0.1163728104512948,
           0.2368581416272489,
           -0.029508540386006414,
           0.013769684973906725,
           0.4059942604181356,
           0.8275702572830049,
